# Game Level Exporter v1.0
MESH
Building1_Large
<Matrix 4x4 (1.0000, 0.0000,  0.0000, 0.0000)
            (0.0000, 1.0000, -0.0000, 0.0000)
            (0.0000, 0.0000,  1.0000, 0.0000)
            (0.0000, 0.0000, 13.0000, 1.0000)>
MESH
Building1_Small.001
<Matrix 4x4 (1.0000, 0.0000,  0.0000, 0.0000)
            (0.0000, 1.0000, -0.0000, 0.0000)
            (0.0000, 0.0000,  1.0000, 0.0000)
            (6.0000, 0.0000, 13.0000, 1.0000)>
MESH
Building2_Large.001
<Matrix 4x4 ( 1.0000, 0.0000,  0.0000, 0.0000)
            ( 0.0000, 1.0000, -0.0000, 0.0000)
            ( 0.0000, 0.0000,  1.0000, 0.0000)
            (-7.0000, 0.0000, 13.0000, 1.0000)>
MESH
Building2_Small.015
<Matrix 4x4 ( 1.0000, 0.0000,  0.0000, 0.0000)
            ( 0.0000, 1.0000, -0.0000, 0.0000)
            ( 0.0000, 0.0000,  1.0000, 0.0000)
            (10.0000, 0.0000, 13.0000, 1.0000)>
MESH
Building3_Big.001
<Matrix 4x4 ( -0.0000, 0.0000,  1.0000, 0.0000)
            (  0.0000, 1.0000,  0.0000, 0.0000)
            ( -1.0000, 0.0000, -0.0000, 0.0000)
            (-13.0000, 0.0000,  7.0000, 1.0000)>
MESH
Building3_Small.019
<Matrix 4x4 ( -0.0000, 0.0000,  1.0000, 0.0000)
            (  0.0000, 1.0000,  0.0000, 0.0000)
            ( -1.0000, 0.0000, -0.0000, 0.0000)
            (-13.0000, 0.0000,  3.0000, 1.0000)>
MESH
Building4.001
<Matrix 4x4 ( -0.0000, 0.0000,  1.0000, 0.0000)
            (  0.0000, 1.0000,  0.0000, 0.0000)
            ( -1.0000, 0.0000, -0.0000, 0.0000)
            (-13.0000, 0.0000, -1.0000, 1.0000)>
MESH
House1.010
<Matrix 4x4 (-0.0000, 0.0000, -1.0000, 0.0000)
            (-0.0000, 1.0000,  0.0000, 0.0000)
            ( 1.0000, 0.0000, -0.0000, 0.0000)
            (15.0000, 0.0000,  0.0000, 1.0000)>
MESH
House2.015
<Matrix 4x4 (-0.0000, 0.0000, -1.0000, 0.0000)
            (-0.0000, 1.0000,  0.0000, 0.0000)
            ( 1.0000, 0.0000, -0.0000, 0.0000)
            (15.0000, 0.0000,  3.5000, 1.0000)>
MESH
House1.001
<Matrix 4x4 (-0.0000, 0.0000, -1.0000, 0.0000)
            (-0.0000, 1.0000,  0.0000, 0.0000)
            ( 1.0000, 0.0000, -0.0000, 0.0000)
            (15.0000, 0.0000, -7.0000, 1.0000)>
MESH
House2.001
<Matrix 4x4 (-0.0000, 0.0000, -1.0000, 0.0000)
            (-0.0000, 1.0000,  0.0000, 0.0000)
            ( 1.0000, 0.0000, -0.0000, 0.0000)
            (15.0000, 0.0000, -3.5000, 1.0000)>
MESH
Building3_Small.001
<Matrix 4x4 ( -0.0000, 0.0000,  1.0000, 0.0000)
            (  0.0000, 1.0000,  0.0000, 0.0000)
            ( -1.0000, 0.0000, -0.0000, 0.0000)
            (-13.0000, 0.0000, -5.0000, 1.0000)>
MESH
Building3_Big.002
<Matrix 4x4 ( -0.0000, 0.0000,  1.0000, 0.0000)
            (  0.0000, 1.0000,  0.0000, 0.0000)
            ( -1.0000, 0.0000, -0.0000, 0.0000)
            (-13.0000, 0.0000, -9.0000, 1.0000)>
MESH
House1.002
<Matrix 4x4 (-0.0000, 0.0000, -1.0000, 0.0000)
            (-0.0000, 1.0000,  0.0000, 0.0000)
            ( 1.0000, 0.0000, -0.0000, 0.0000)
            (15.0000, 0.0000,  7.0000, 1.0000)>
MESH
House1.003
<Matrix 4x4 (-0.0000, 0.0000, -1.0000, 0.0000)
            (-0.0000, 1.0000,  0.0000, 0.0000)
            ( 1.0000, 0.0000, -0.0000, 0.0000)
            (15.0000, 0.0000, 10.0000, 1.0000)>
MESH
Building1_Large.001
<Matrix 4x4 (1.0000, 0.0000,   0.0000, 0.0000)
            (0.0000, 1.0000,  -0.0000, 0.0000)
            (0.0000, 0.0000,   1.0000, 0.0000)
            (0.0000, 0.0000, -15.0000, 1.0000)>
MESH
Building1_Small
<Matrix 4x4 (1.0000, 0.0000,   0.0000, 0.0000)
            (0.0000, 1.0000,  -0.0000, 0.0000)
            (0.0000, 0.0000,   1.0000, 0.0000)
            (6.0000, 0.0000, -15.0000, 1.0000)>
MESH
Building2_Large
<Matrix 4x4 ( 1.0000, 0.0000,   0.0000, 0.0000)
            ( 0.0000, 1.0000,  -0.0000, 0.0000)
            ( 0.0000, 0.0000,   1.0000, 0.0000)
            (-7.0000, 0.0000, -15.0000, 1.0000)>
MESH
Building2_Small.002
<Matrix 4x4 ( 1.0000, 0.0000,   0.0000, 0.0000)
            ( 0.0000, 1.0000,  -0.0000, 0.0000)
            ( 0.0000, 0.0000,   1.0000, 0.0000)
            (10.0000, 0.0000, -15.0000, 1.0000)>
MESH
House2.002
<Matrix 4x4 (-0.0000, 0.0000,  -1.0000, 0.0000)
            (-0.0000, 1.0000,   0.0000, 0.0000)
            ( 1.0000, 0.0000,  -0.0000, 0.0000)
            (15.0000, 0.0000, -10.5000, 1.0000)>
