# Game Level Exporter v1.0
MESH
Floor_Modular
<Matrix 4x4 (2.8983, 0.0000,  0.0000, 0.0000)
            (0.0000, 0.8646, -0.0000, 0.0000)
            (0.0000, 0.0000,  3.7013, 0.0000)
            (0.0000, 0.0000,  0.0000, 1.0000)>
MESH
Wall_Modular.005
<Matrix 4x4 (-0.0000, 0.0000,  3.9632, 0.0000)
            ( 0.0000, 1.3818,  0.0000, 0.0000)
            (-1.0000, 0.0000, -0.0000, 0.0000)
            (-3.0085, 1.2674,  0.0000, 1.0000)>
MESH
Wall_Modular.001
<Matrix 4x4 (2.8584, 0.0000,  0.0000, 0.0000)
            (0.0000, 1.3818, -0.0000, 0.0000)
            (0.0000, 0.0000,  1.0000, 0.0000)
            (0.0000, 1.2674,  3.7865, 1.0000)>
MESH
Wall_Modular.002
<Matrix 4x4 (2.8584, 0.0000,  0.0000, 0.0000)
            (0.0000, 1.3818, -0.0000, 0.0000)
            (0.0000, 0.0000,  1.0000, 0.0000)
            (0.0000, 1.2674, -3.8230, 1.0000)>
MESH
Wall_Modular.003
<Matrix 4x4 (2.8584, 0.0000,  0.0000, 0.0000)
            (0.0000, 1.3818, -0.0000, 0.0000)
            (0.0000, 0.0000,  1.0000, 0.0000)
            (0.0000, 1.2674,  3.7865, 1.0000)>
MESH
Goblin_Male
<Matrix 4x4 (-0.5719,  0.0000, -0.4332, 0.0000)
            (-0.0000,  0.6281,  0.0000, 0.0000)
            ( 0.3644,  0.0000, -0.4810, 0.0000)
            (-1.2138, -0.0000,  1.2605, 1.0000)>
MESH
Stairs_Modular
<Matrix 4x4 (-0.0082, 0.0000, -1.0000, 0.0000)
            (-0.0000, 1.0000,  0.0000, 0.0000)
            ( 1.0000, 0.0000, -0.0082, 0.0000)
            ( 3.8954, 0.8950,  0.0000, 1.0000)>
MESH
Floor_Modular.001
<Matrix 4x4 ( 8.0700, 0.0000,  0.0000, 0.0000)
            ( 0.0000, 1.6487, -0.0000, 0.0000)
            ( 0.0000, 0.0000,  8.0700, 0.0000)
            (12.9682, 1.6421, -0.0100, 1.0000)>
MESH
Wall_Modular.004
<Matrix 4x4 ( 7.9392, 0.0000,  0.0000, 0.0000)
            ( 0.0000, 2.3550, -0.0000, 0.0000)
            ( 0.0000, 0.0000,  1.0000, 0.0000)
            (12.9020, 3.8319,  8.0505, 1.0000)>
MESH
Wall_Modular.006
<Matrix 4x4 ( 8.2453, 0.0000,  0.0000, 0.0000)
            ( 0.0000, 2.3550, -0.0000, 0.0000)
            ( 0.0000, 0.0000,  1.0000, 0.0000)
            (12.9985, 3.8319, -8.1052, 1.0000)>
MESH
Wall_Modular.007
<Matrix 4x4 (-0.0000, 0.0000,  8.1673, 0.0000)
            ( 0.0000, 2.3550,  0.0000, 0.0000)
            (-1.0000, 0.0000, -0.0000, 0.0000)
            (20.9938, 3.8319,  0.0890, 1.0000)>
MESH
Knight_Golden_Male
<Matrix 4x4 ( 0.7175, 0.0000,  0.0000, 0.0000)
            ( 0.0000, 0.6281, -0.0000, 0.0000)
            ( 0.0000, 0.0000,  0.6034, 0.0000)
            (12.8065, 1.7298,  4.2767, 1.0000)>
MESH
Knight_Golden_Male.001
<Matrix 4x4 ( 0.1632, 0.0000, -0.6986, 0.0000)
            (-0.0000, 0.6281, -0.0000, 0.0000)
            ( 0.5876, 0.0000,  0.1373, 0.0000)
            (15.3922, 1.7298, -0.8590, 1.0000)>
MESH
Column
<Matrix 4x4 ( 1.0000, 0.0000,  0.0000, 0.0000)
            ( 0.0000, 0.6089, -0.0000, 0.0000)
            ( 0.0000, 0.0000,  1.0000, 0.0000)
            (16.3583, 1.8586, -4.4574, 1.0000)>
MESH
Column.001
<Matrix 4x4 ( 1.0000, 0.0000,  0.0000, 0.0000)
            ( 0.0000, 0.6089, -0.0000, 0.0000)
            ( 0.0000, 0.0000,  1.0000, 0.0000)
            (16.8007, 1.8586,  3.9002, 1.0000)>
MESH
Column.002
<Matrix 4x4 (1.0000, 0.0000,  0.0000, 0.0000)
            (0.0000, 0.6089, -0.0000, 0.0000)
            (0.0000, 0.0000,  1.0000, 0.0000)
            (9.6495, 1.8586, -1.8316, 1.0000)>
MESH
Pedestal
<Matrix 4x4 ( 0.6697, 0.0000,  0.0000, 0.0000)
            ( 0.0000, 0.6045, -0.0000, 0.0000)
            ( 0.0000, 0.0000,  0.6704, 0.0000)
            (12.6295, 1.8277,  0.0200, 1.0000)>
MESH
Skull
<Matrix 4x4 ( 1.0000, 0.0000,  0.0000, 0.0000)
            ( 0.0000, 1.0000, -0.0000, 0.0000)
            ( 0.0000, 0.0000,  1.0000, 0.0000)
            (12.6433, 3.1560,  0.0409, 1.0000)>
MESH
Torch
<Matrix 4x4 ( 0.0043, 0.0000, -1.0000, 0.0000)
            (-0.0000, 1.0000, -0.0000, 0.0000)
            ( 1.0000, 0.0000,  0.0043, 0.0000)
            (15.5999, 3.6911, -4.5139, 1.0000)>
MESH
Torch.001
<Matrix 4x4 ( 0.0043, 0.0000, -1.0000, 0.0000)
            (-0.0000, 1.0000, -0.0000, 0.0000)
            ( 1.0000, 0.0000,  0.0043, 0.0000)
            (16.0888, 3.6911,  3.8681, 1.0000)>
LIGHT
Point
<Matrix 4x4 ( 1.0000,  0.0000, 0.0000, 0.0000)
            ( 0.0000,  0.0000, 1.0000, 0.0000)
            ( 0.0000, -1.0000, 0.0000, 0.0000)
            (16.0638,  4.1351, 3.8737, 1.0000)>
LIGHT
Point.001
<Matrix 4x4 ( 1.0000,  0.0000,  0.0000, 0.0000)
            ( 0.0000,  0.0000,  1.0000, 0.0000)
            ( 0.0000, -1.0000,  0.0000, 0.0000)
            (15.5799,  4.1351, -4.5085, 1.0000)>
LIGHT
Point.002
<Matrix 4x4 ( 1.0000,  0.0000, 0.0000, 0.0000)
            ( 0.0000,  0.0000, 1.0000, 0.0000)
            ( 0.0000, -1.0000, 0.0000, 0.0000)
            (12.6284,  3.3817, 0.0727, 1.0000)>
LIGHT
Point.003
<Matrix 4x4 ( 6.0369,   0.0000, 0.0000, 0.0000)
            ( 0.0000,   0.0000, 6.4192, 0.0000)
            ( 0.0000, -19.0631, 0.0000, 0.0000)
            (-1.6999,   0.4686, 2.4592, 1.0000)>
MESH
Arch
<Matrix 4x4 (-0.0000, 0.0000,  1.0000, 0.0000)
            ( 0.0000, 1.0693,  0.0000, 0.0000)
            (-1.0000, 0.0000, -0.0000, 0.0000)
            ( 5.3290, 1.7696,  0.0143, 1.0000)>
MESH
Wall_Modular.008
<Matrix 4x4 (-0.0000, 0.0000,  3.4131, 0.0000)
            ( 0.0000, 2.1847,  0.0000, 0.0000)
            (-1.0000, 0.0000, -0.0000, 0.0000)
            ( 5.2219, 3.9481,  4.7182, 1.0000)>
MESH
Wall_Modular.009
<Matrix 4x4 (-0.0000, 0.0000,  3.4131, 0.0000)
            ( 0.0000, 2.3091,  0.0000, 0.0000)
            (-1.0000, 0.0000, -0.0000, 0.0000)
            ( 5.2161, 3.6869, -4.7858, 1.0000)>
MESH
Arch_Door
<Matrix 4x4 (-0.0000, 0.0000,  1.0000, 0.0000)
            ( 0.0000, 1.0000,  0.0000, 0.0000)
            (-1.0000, 0.0000, -0.0000, 0.0000)
            ( 5.1523, 1.9143,  0.0538, 1.0000)>
MESH
Wall_Modular.010
<Matrix 4x4 (-0.0000, 0.0000,  1.5155, 0.0000)
            ( 0.0000, 1.3818,  0.0000, 0.0000)
            (-1.0000, 0.0000, -0.0000, 0.0000)
            ( 2.9545, 1.2674, -2.5583, 1.0000)>
MESH
Wall_Modular.011
<Matrix 4x4 (-0.0000, 0.0000,  1.5155, 0.0000)
            ( 0.0000, 1.3818,  0.0000, 0.0000)
            (-1.0000, 0.0000, -0.0000, 0.0000)
            ( 2.9545, 1.2674,  2.5438, 1.0000)>
MESH
Knight_Golden_Female
<Matrix 4x4 ( 0.5278, 0.0000,  0.4860, 0.0000)
            ( 0.0000, 0.6281, -0.0000, 0.0000)
            (-0.4088, 0.0000,  0.4439, 0.0000)
            (11.0172, 1.6938,  1.5395, 1.0000)>
MESH
Floor_BricksSeparate
<Matrix 4x4 ( 0.8668, 0.0000,  1.7534, 0.0000)
            ( 0.0000, 1.0000, -0.0000, 0.0000)
            (-1.7534, 0.0000,  0.8668, 0.0000)
            ( 6.8370, 1.7858, -7.0350, 1.0000)>
MESH
Floor_BricksSeparate.001
<Matrix 4x4 (-1.9161, 0.0000,  0.3927, 0.0000)
            ( 0.0000, 1.0000,  0.0000, 0.0000)
            (-0.3927, 0.0000, -1.9161, 0.0000)
            (19.8211, 1.7858, -5.9021, 1.0000)>
MESH
Floor_BricksSeparate.002
<Matrix 4x4 (-1.5667, 0.0000, -1.1710, 0.0000)
            (-0.0000, 1.0000,  0.0000, 0.0000)
            ( 1.1710, 0.0000, -1.5667, 0.0000)
            (19.6478, 1.7858,  7.0911, 1.0000)>
MESH
Floor_BricksSeparate.003
<Matrix 4x4 (1.9559, 0.0000,  0.0000, 0.0000)
            (0.0000, 1.0000, -0.0000, 0.0000)
            (0.0000, 0.0000,  1.9559, 0.0000)
            (6.1940, 1.7858,  6.2456, 1.0000)>
MESH
Barrel
<Matrix 4x4 (1.0000, 0.0000,  0.0000, 0.0000)
            (0.0000, 1.0000, -0.0000, 0.0000)
            (0.0000, 0.0000,  1.0000, 0.0000)
            (2.2381, 0.0000,  2.7219, 1.0000)>
MESH
Sword_WallMount
<Matrix 4x4 (1.0000, 0.0000,  0.0000, 0.0000)
            (0.0000, 1.0000, -0.0000, 0.0000)
            (0.0000, 0.0000,  1.0000, 0.0000)
            (0.9733, 1.7457,  3.6398, 1.0000)>
MESH
Sword
<Matrix 4x4 (1.0000, 0.0000,  0.0000, 0.0000)
            (0.0000, 1.0000, -0.0000, 0.0000)
            (0.0000, 0.0000,  1.0000, 0.0000)
            (0.9733, 1.7457,  3.6398, 1.0000)>
MESH
Sword_big
<Matrix 4x4 (1.0000, 0.0000,  0.0000, 0.0000)
            (0.0000, 1.0000, -0.0000, 0.0000)
            (0.0000, 0.0000,  1.0000, 0.0000)
            (0.9733, 1.7457,  3.6398, 1.0000)>
MESH
Sword.001
<Matrix 4x4 ( 0.0000, -0.5419,  0.0000, 0.0000)
            (-0.2906, -0.0000, -0.0855, 0.0000)
            ( 0.0870,  0.0000, -0.2956, 0.0000)
            (15.3084,  2.2085, -0.4817, 1.0000)>
MESH
Sword.002
<Matrix 4x4 ( 0.0000, -0.7376,  0.0000, 0.0000)
            ( 0.0117,  0.0000, -0.3027, 0.0000)
            ( 0.3080,  0.0000,  0.0119, 0.0000)
            (12.4199,  2.2390,  4.2081, 1.0000)>
MESH
Shield_Heater_2
<Matrix 4x4 (-0.2214, 0.0000, -0.1614, 0.0000)
            (-0.0000, 0.2352,  0.0000, 0.0000)
            ( 0.2631, 0.0000, -0.3609, 0.0000)
            (10.9491, 2.7760,  1.6014, 1.0000)>
MESH
Sword_Golden
<Matrix 4x4 ( 0.0000, -0.4253,  0.0000, 0.0000)
            ( 0.1397,  0.0000, -0.2687, 0.0000)
            ( 0.2734,  0.0000,  0.1422, 0.0000)
            (10.7597,  2.1878,  1.2250, 1.0000)>
MESH
Goblin_Male.001
<Matrix 4x4 (-0.1729,  0.0063,  0.6963, 0.0000)
            (-0.6092,  0.0222, -0.1515, 0.0000)
            (-0.0220, -0.6030,  0.0000, 0.0000)
            (13.7269,  2.0022, -2.9726, 1.0000)>
MESH
Wall_Modular.012
<Matrix 4x4 ( 0.9633,  0.1786,  0.0403, 0.0000)
            (-0.1549,  0.8318,  0.0153, 0.0000)
            (-0.0336, -0.0229,  0.9052, 0.0000)
            ( 3.9227,  1.1473, -1.2610, 1.0000)>
MESH
Wall_Modular.013
<Matrix 4x4 ( 0.9633,  0.1786, 0.0403, 0.0000)
            (-0.1549,  0.8318, 0.0153, 0.0000)
            (-0.0336, -0.0229, 0.9052, 0.0000)
            ( 3.9227,  1.1473, 1.2364, 1.0000)>
MESH
Wall_Modular.014
<Matrix 4x4 ( 0.9633,  0.1786,  0.0403, 0.0000)
            (-0.1549,  0.8318,  0.0153, 0.0000)
            (-0.0336, -0.0229,  0.9052, 0.0000)
            ( 3.9227,  2.0211, -1.2610, 1.0000)>
MESH
Wall_Modular
<Matrix 4x4 ( 0.9633,  0.1786, 0.0403, 0.0000)
            (-0.1549,  0.8318, 0.0153, 0.0000)
            (-0.0336, -0.0229, 0.9052, 0.0000)
            ( 3.9227,  2.0211, 1.2578, 1.0000)>
MESH
Chest_Gold
<Matrix 4x4 ( 0.7611, 0.0000,  0.6487, 0.0000)
            ( 0.0000, 1.0000, -0.0000, 0.0000)
            (-0.6487, 0.0000,  0.7611, 0.0000)
            (-1.7289, 0.0000,  2.4870, 1.0000)>
MESH
Chest
<Matrix 4x4 (-0.6626,  0.0000,  0.7490, 0.0000)
            ( 0.0000,  1.0000,  0.0000, 0.0000)
            (-0.7490,  0.0000, -0.6626, 0.0000)
            (-2.2452, -0.0000, -2.9515, 1.0000)>
MESH
Chest.001
<Matrix 4x4 (-0.6749,  0.0000, -0.7380, 0.0000)
            (-0.0000,  1.0000,  0.0000, 0.0000)
            ( 0.7380,  0.0000, -0.6749, 0.0000)
            ( 2.1806, -0.0000, -3.1121, 1.0000)>
LIGHT
Sun
<Matrix 4x4 ( 0.4059,  0.7775,  0.4804, 0.0000)
            ( 0.1697, -0.5806,  0.7963, 0.0000)
            ( 0.8980, -0.2417, -0.3676, 0.0000)
            (-6.7797,  9.1614, 14.8917, 1.0000)>
