# Game Level Exporter v1.0
CAMERA
Camera
<Matrix 4x4 (  0.0000,  0.0000, -1.0000, 0.0000)
            (  0.9135,  0.4067,  0.0000, 0.0000)
            (  0.4067, -0.9135,  0.0000, 0.0000)
            (-18.0000, 34.0000, 22.0000, 1.0000)>
MESH
DoorDoubleLong_Wall_SideA.001
<Matrix 4x4 (1.0000, 0.0000,  0.0000, 0.0000)
            (0.0000, 1.0000, -0.0000, 0.0000)
            (0.0000, 0.0000,  1.0000, 0.0000)
            (0.0000, 0.0000,  0.0000, 1.0000)>
MESH
Door_Double.001
<Matrix 4x4 (1.0000, 0.0000,  0.0000, 0.0000)
            (0.0000, 1.0000, -0.0000, 0.0000)
            (0.0000, 0.0000,  1.0000, 0.0000)
            (0.0000, 0.0140, -0.2000, 1.0000)>
MESH
DoorDoubleLong_Wall_SideA.002
<Matrix 4x4 (-1.0000, 0.0000, -0.0017, 0.0000)
            (-0.0000, 1.0000,  0.0000, 0.0000)
            ( 0.0017, 0.0000, -1.0000, 0.0000)
            ( 0.0000, 0.0000,  4.0000, 1.0000)>
MESH
Door_Double.003
<Matrix 4x4 (1.0000, 0.0000,  0.0000, 0.0000)
            (0.0000, 1.0000, -0.0000, 0.0000)
            (0.0000, 0.0000,  1.0000, 0.0000)
            (0.0000, 0.0000,  3.4100, 1.0000)>
MESH
FloorTile_Double_Hallway
<Matrix 4x4 ( 1.0000, 0.0000,  0.0000, 0.0000)
            ( 0.0000, 1.0000, -0.0000, 0.0000)
            ( 0.0000, 0.0000,  1.0000, 0.0000)
            (-1.0000, 0.0000,  5.0100, 1.0000)>
MESH
FloorTile_Double_Hallway.001
<Matrix 4x4 ( 1.0000, 0.0000,  0.0000, 0.0000)
            ( 0.0000, 1.0000, -0.0000, 0.0000)
            ( 0.0000, 0.0000,  1.0000, 0.0000)
            (-1.0000, 0.0000,  7.0100, 1.0000)>
MESH
FloorTile_Double_Hallway.002
<Matrix 4x4 ( 1.0000, 0.0000,  0.0000, 0.0000)
            ( 0.0000, 1.0000, -0.0000, 0.0000)
            ( 0.0000, 0.0000,  1.0000, 0.0000)
            (-1.0000, 0.0000,  9.0100, 1.0000)>
MESH
FloorTile_Double_Hallway.003
<Matrix 4x4 ( 1.0000, 0.0000,  0.0000, 0.0000)
            ( 0.0000, 1.0000, -0.0000, 0.0000)
            ( 0.0000, 0.0000,  1.0000, 0.0000)
            (-1.0000, 0.0000, 11.0100, 1.0000)>
MESH
FloorTile_Double_Hallway.004
<Matrix 4x4 ( 1.0000, 0.0000,  0.0000, 0.0000)
            ( 0.0000, 1.0000, -0.0000, 0.0000)
            ( 0.0000, 0.0000,  1.0000, 0.0000)
            (-1.0000, 0.0000, 13.0100, 1.0000)>
MESH
Wall_4
<Matrix 4x4 (-0.0000, 0.0000, -1.0000, 0.0000)
            (-0.0000, 1.0000,  0.0000, 0.0000)
            ( 1.0000, 0.0000, -0.0000, 0.0000)
            ( 2.0450, 0.0000,  6.5200, 1.0000)>
MESH
Column_3
<Matrix 4x4 (1.0000, 0.0000,  0.0000, 0.0000)
            (0.0000, 1.0000, -0.0000, 0.0000)
            (0.0000, 0.0000,  1.0000, 0.0000)
            (2.1300, 0.0000,  4.2000, 1.0000)>
MESH
Column_3.001
<Matrix 4x4 ( 1.0000, 0.0000,  0.0000, 0.0000)
            ( 0.0000, 1.0000, -0.0000, 0.0000)
            ( 0.0000, 0.0000,  1.0000, 0.0000)
            (-2.1300, 0.0000,  4.2000, 1.0000)>
MESH
Wall_4.001
<Matrix 4x4 (-0.0000, 0.0000,  1.0000, 0.0000)
            ( 0.0000, 1.0000,  0.0000, 0.0000)
            (-1.0000, 0.0000, -0.0000, 0.0000)
            (-2.0450, 0.0000,  6.5200, 1.0000)>
MESH
Wall_4.002
<Matrix 4x4 (-0.0000, 0.0000,  1.0000, 0.0000)
            ( 0.0000, 1.0000,  0.0000, 0.0000)
            (-1.0000, 0.0000, -0.0000, 0.0000)
            (-2.0450, 0.0000, 10.5200, 1.0000)>
MESH
Wall_4.003
<Matrix 4x4 (-0.0000, 0.0000,  1.0000, 0.0000)
            ( 0.0000, 1.0000,  0.0000, 0.0000)
            (-1.0000, 0.0000, -0.0000, 0.0000)
            (-2.0450, 0.0000, 14.5200, 1.0000)>
MESH
FloorTile_Double_Hallway.005
<Matrix 4x4 ( 1.0000, 0.0000,  0.0000, 0.0000)
            ( 0.0000, 1.0000, -0.0000, 0.0000)
            ( 0.0000, 0.0000,  1.0000, 0.0000)
            (-1.0000, 0.0000, 15.0100, 1.0000)>
MESH
Wall_4.004
<Matrix 4x4 (-0.0000, 0.0000, -1.0000, 0.0000)
            (-0.0000, 1.0000,  0.0000, 0.0000)
            ( 1.0000, 0.0000, -0.0000, 0.0000)
            ( 2.0450, 0.0000, 10.5200, 1.0000)>
MESH
Wall_4.005
<Matrix 4x4 (-0.0000, 0.0000, -1.0000, 0.0000)
            (-0.0000, 1.0000,  0.0000, 0.0000)
            ( 1.0000, 0.0000, -0.0000, 0.0000)
            ( 2.0450, 0.0000, 14.5200, 1.0000)>
MESH
Pipes
<Matrix 4x4 (-0.0000, 0.0000,  1.0000, 0.0000)
            ( 0.0000, 1.0000,  0.0000, 0.0000)
            (-1.0000, 0.0000, -0.0000, 0.0000)
            (-2.0170, 0.0000,  5.9200, 1.0000)>
MESH
Pipes.001
<Matrix 4x4 (-0.0000, 0.0000,  1.0000, 0.0000)
            ( 0.0000, 1.0000,  0.0000, 0.0000)
            (-1.0000, 0.0000, -0.0000, 0.0000)
            (-2.0170, 0.0000,  9.4300, 1.0000)>
MESH
Pipes.002
<Matrix 4x4 (-0.0000, 0.0000,  1.0000, 0.0000)
            ( 0.0000, 1.0000,  0.0000, 0.0000)
            (-1.0000, 0.0000, -0.0000, 0.0000)
            (-2.0170, 0.0000, 12.9400, 1.0000)>
MESH
Pipes.003
<Matrix 4x4 (-0.0000, 0.0000, -1.0000, 0.0000)
            (-0.0000, 1.0000,  0.0000, 0.0000)
            ( 1.0000, 0.0000, -0.0000, 0.0000)
            ( 2.0170, 0.0000,  6.0900, 1.0000)>
MESH
Pipes.004
<Matrix 4x4 (-0.0000, 0.0000, -1.0000, 0.0000)
            (-0.0000, 1.0000,  0.0000, 0.0000)
            ( 1.0000, 0.0000, -0.0000, 0.0000)
            ( 2.0170, 0.0000,  9.6000, 1.0000)>
MESH
Pipes.005
<Matrix 4x4 (-0.0000, 0.0000, -1.0000, 0.0000)
            (-0.0000, 1.0000,  0.0000, 0.0000)
            ( 1.0000, 0.0000, -0.0000, 0.0000)
            ( 2.0170, 0.0000, 13.1100, 1.0000)>
MESH
FloorTile_Double_Hallway.006
<Matrix 4x4 ( 1.0000, 0.0000,  0.0000, 0.0000)
            ( 0.0000, 1.0000, -0.0000, 0.0000)
            ( 0.0000, 0.0000,  1.0000, 0.0000)
            (-1.0000, 0.0000, 17.0100, 1.0000)>
MESH
FloorTile_Double_Hallway.007
<Matrix 4x4 ( 1.0000, 0.0000,  0.0000, 0.0000)
            ( 0.0000, 1.0000, -0.0000, 0.0000)
            ( 0.0000, 0.0000,  1.0000, 0.0000)
            (-1.0000, 0.0000, 19.0100, 1.0000)>
MESH
FloorTile_Double_Hallway.008
<Matrix 4x4 ( 1.0000, 0.0000,  0.0000, 0.0000)
            ( 0.0000, 1.0000, -0.0000, 0.0000)
            ( 0.0000, 0.0000,  1.0000, 0.0000)
            (-1.0000, 0.0000, 21.0100, 1.0000)>
MESH
Pipes.006
<Matrix 4x4 (-0.0000, 0.0000,  1.0000, 0.0000)
            ( 0.0000, 1.0000,  0.0000, 0.0000)
            (-1.0000, 0.0000, -0.0000, 0.0000)
            (-2.0170, 0.0000, 16.4500, 1.0000)>
MESH
Pipes.007
<Matrix 4x4 (-0.0000, 0.0000, -1.0000, 0.0000)
            (-0.0000, 1.0000,  0.0000, 0.0000)
            ( 1.0000, 0.0000, -0.0000, 0.0000)
            ( 2.0170, 0.0000, 16.6200, 1.0000)>
MESH
Staircase
<Matrix 4x4 (1.0000, 0.0000,  0.0000, 0.0000)
            (0.0000, 1.0000, -0.0000, 0.0000)
            (0.0000, 0.0000,  1.0000, 0.0000)
            (0.0000, 1.2800, 21.3065, 1.0000)>
LIGHT
Light.001
<Matrix 4x4 (-0.0000,  0.0000, -1.0000, 0.0000)
            ( 0.8746,  0.4848, -0.0000, 0.0000)
            ( 0.4848, -0.8746, -0.0000, 0.0000)
            (-8.0000,  5.0000, 25.3000, 1.0000)>
MESH
Wall_4.008
<Matrix 4x4 (-0.0000, 0.0000,  1.0000, 0.0000)
            ( 0.0000, 1.0000,  0.0000, 0.0000)
            (-1.0000, 0.0000, -0.0000, 0.0000)
            (-2.0450, 0.0000, 18.5200, 1.0000)>
MESH
Wall_4.006
<Matrix 4x4 (-0.0000, 0.0000, -1.0000, 0.0000)
            (-0.0000, 1.0000,  0.0000, 0.0000)
            ( 1.0000, 0.0000, -0.0000, 0.0000)
            ( 2.0450, 0.0000, 18.5200, 1.0000)>
MESH
FloorTile_Double_Hallway.009
<Matrix 4x4 ( 1.0000, 0.0000,  0.0000, 0.0000)
            ( 0.0000, 1.0000, -0.0000, 0.0000)
            ( 0.0000, 0.0000,  1.0000, 0.0000)
            (-1.0000, 1.2550, 22.3000, 1.0000)>
MESH
Column_3.002
<Matrix 4x4 ( 1.0000, 0.0000,  0.0000, 0.0000)
            ( 0.0000, 1.0000, -0.0000, 0.0000)
            ( 0.0000, 0.0000,  1.0000, 0.0000)
            (-2.1300, 0.0000, 20.8000, 1.0000)>
MESH
Column_3.003
<Matrix 4x4 (1.0000, 0.0000,  0.0000, 0.0000)
            (0.0000, 1.0000, -0.0000, 0.0000)
            (0.0000, 0.0000,  1.0000, 0.0000)
            (2.1300, 0.0000, 20.8000, 1.0000)>
MESH
FloorTile_Double_Hallway.010
<Matrix 4x4 ( 1.0000, 0.0000,  0.0000, 0.0000)
            ( 0.0000, 1.0000, -0.0000, 0.0000)
            ( 0.0000, 0.0000,  1.0000, 0.0000)
            (-1.0000, 1.2550, 24.3000, 1.0000)>
MESH
DoorSingle_Wall_SideA
<Matrix 4x4 (-0.0000, 0.0000,  1.0000, 0.0000)
            ( 0.0000, 1.0000,  0.0000, 0.0000)
            (-1.0000, 0.0000, -0.0000, 0.0000)
            (-2.0000, 1.3000, 23.3100, 1.0000)>
MESH
Door_Single
<Matrix 4x4 (-0.0000, 0.0000,  1.0000, 0.0000)
            ( 0.0000, 1.0000,  0.0000, 0.0000)
            (-1.0000, 0.0000, -0.0000, 0.0000)
            (-1.8000, 1.3000, 23.3147, 1.0000)>
MESH
DoorSingle_Wall_SideA.001
<Matrix 4x4 (-0.0000, 0.0000, -1.0000, 0.0000)
            (-0.0000, 1.0000,  0.0000, 0.0000)
            ( 1.0000, 0.0000, -0.0000, 0.0000)
            ( 2.0000, 1.3000, 23.3100, 1.0000)>
MESH
Door_Single.001
<Matrix 4x4 (-0.0000, 0.0000, -1.0000, 0.0000)
            (-0.0000, 1.0000,  0.0000, 0.0000)
            ( 1.0000, 0.0000, -0.0000, 0.0000)
            ( 1.8000, 1.3000, 23.3147, 1.0000)>
MESH
Details_Vent_5
<Matrix 4x4 (-0.0000, 0.0000, -1.0000, 0.0000)
            (-0.0000, 1.0000,  0.0000, 0.0000)
            ( 1.0000, 0.0000, -0.0000, 0.0000)
            ( 2.0000, 1.7500, 21.8000, 1.0000)>
MESH
Details_Vent_5.001
<Matrix 4x4 (-0.0000, 0.0000, -1.0000, 0.0000)
            (-0.0000, 1.0000,  0.0000, 0.0000)
            ( 1.0000, 0.0000, -0.0000, 0.0000)
            ( 2.0000, 1.7500, 24.7000, 1.0000)>
MESH
Details_Vent_5.002
<Matrix 4x4 (-0.0000, 0.0000,  1.0000, 0.0000)
            ( 0.0000, 1.0000,  0.0000, 0.0000)
            (-1.0000, 0.0000, -0.0000, 0.0000)
            (-2.0000, 1.7500, 24.7000, 1.0000)>
MESH
Details_Vent_5.003
<Matrix 4x4 (-0.0000, 0.0000,  1.0000, 0.0000)
            ( 0.0000, 1.0000,  0.0000, 0.0000)
            (-1.0000, 0.0000, -0.0000, 0.0000)
            (-2.0000, 1.7500, 21.8000, 1.0000)>
MESH
Details_Vent_3
<Matrix 4x4 (-1.0000, 0.0000, -0.0000, 0.0000)
            (-0.0000, 1.0000,  0.0000, 0.0000)
            ( 0.0000, 0.0000, -1.0000, 0.0000)
            ( 0.0000, 4.2000,  4.2600, 1.0000)>
MESH
FloorTile_Double_Hallway.011
<Matrix 4x4 ( 1.0000, 0.0000,  0.0000, 0.0000)
            ( 0.0000, 1.0000, -0.0000, 0.0000)
            ( 0.0000, 0.0000,  1.0000, 0.0000)
            (-1.0000, 1.2550, 26.3000, 1.0000)>
MESH
FloorTile_Double_Hallway.012
<Matrix 4x4 ( 1.0000, 0.0000,  0.0000, 0.0000)
            ( 0.0000, 1.0000, -0.0000, 0.0000)
            ( 0.0000, 0.0000,  1.0000, 0.0000)
            (-1.0000, 1.2550, 28.3000, 1.0000)>
MESH
ThreeWindows_Wall_SideB
<Matrix 4x4 (-0.0000, 0.0000,  1.0000, 0.0000)
            ( 0.0000, 1.0000,  0.0000, 0.0000)
            (-1.0000, 0.0000, -0.0000, 0.0000)
            (-2.0000, 1.3000, 27.3100, 1.0000)>
MESH
Window_Wall_SideB
<Matrix 4x4 (-0.0000, 0.0000, -1.0000, 0.0000)
            (-0.0000, 1.0000,  0.0000, 0.0000)
            ( 1.0000, 0.0000, -0.0000, 0.0000)
            ( 2.0000, 1.3000, 27.3100, 1.0000)>
MESH
Staircase.001
<Matrix 4x4 (-1.0000, 0.0000,  0.0000, 0.0000)
            ( 0.0000, 1.0000,  0.0000, 0.0000)
            (-0.0000, 0.0000, -1.0000, 0.0000)
            ( 0.0000, 1.2800, 29.3065, 1.0000)>
MESH
FloorTile_Double_Hallway.013
<Matrix 4x4 ( 1.0000, 0.0000,  0.0000, 0.0000)
            ( 0.0000, 1.0000, -0.0000, 0.0000)
            ( 0.0000, 0.0000,  1.0000, 0.0000)
            (-1.0000, 0.0000, 33.0100, 1.0000)>
MESH
Column_3.004
<Matrix 4x4 (1.0000, 0.0000,  0.0000, 0.0000)
            (0.0000, 1.0000, -0.0000, 0.0000)
            (0.0000, 0.0000,  1.0000, 0.0000)
            (2.1300, 0.0000, 29.8000, 1.0000)>
MESH
Column_3.005
<Matrix 4x4 ( 1.0000, 0.0000,  0.0000, 0.0000)
            ( 0.0000, 1.0000, -0.0000, 0.0000)
            ( 0.0000, 0.0000,  1.0000, 0.0000)
            (-2.1300, 0.0000, 29.8000, 1.0000)>
MESH
Wall_4.007
<Matrix 4x4 (-0.0000, 0.0000,  1.0000, 0.0000)
            ( 0.0000, 1.0000,  0.0000, 0.0000)
            (-1.0000, 0.0000, -0.0000, 0.0000)
            (-2.0450, 0.0000, 32.0900, 1.0000)>
MESH
Wall_4.009
<Matrix 4x4 (-0.0000, 0.0000, -1.0000, 0.0000)
            (-0.0000, 1.0000,  0.0000, 0.0000)
            ( 1.0000, 0.0000, -0.0000, 0.0000)
            ( 1.9550, 0.0000, 32.0900, 1.0000)>
MESH
FloorTile_Double_Hallway.014
<Matrix 4x4 ( 1.0000, 0.0000,  0.0000, 0.0000)
            ( 0.0000, 1.0000, -0.0000, 0.0000)
            ( 0.0000, 0.0000,  1.0000, 0.0000)
            (-1.0000, 0.0000, 35.0100, 1.0000)>
MESH
Door_Double
<Matrix 4x4 (1.0000, 0.0000,  0.0000, 0.0000)
            (0.0000, 1.0000, -0.0000, 0.0000)
            (0.0000, 0.0000,  1.0000, 0.0000)
            (0.0000, 0.0000, 35.0000, 1.0000)>
MESH
DoorDoubleLong_Wall_SideA
<Matrix 4x4 (1.0000, 0.0000,  0.0000, 0.0000)
            (0.0000, 1.0000, -0.0000, 0.0000)
            (0.0000, 0.0000,  1.0000, 0.0000)
            (0.0000, 0.0000, 34.6203, 1.0000)>
MESH
Column_3.006
<Matrix 4x4 (1.0000, 0.0000,  0.0000, 0.0000)
            (0.0000, 1.0000, -0.0000, 0.0000)
            (0.0000, 0.0000,  1.0000, 0.0000)
            (2.1300, 0.0000, 34.3500, 1.0000)>
MESH
Column_3.007
<Matrix 4x4 ( 1.0000, 0.0000,  0.0000, 0.0000)
            ( 0.0000, 1.0000, -0.0000, 0.0000)
            ( 0.0000, 0.0000,  1.0000, 0.0000)
            (-1.8700, 0.0000, 34.3500, 1.0000)>
MESH
Details_Vent_3.001
<Matrix 4x4 (1.0000, 0.0000,  0.0000, 0.0000)
            (0.0000, 1.0000, -0.0000, 0.0000)
            (0.0000, 0.0000,  1.0000, 0.0000)
            (0.0000, 4.2000, 34.3499, 1.0000)>
MESH
Pipes.008
<Matrix 4x4 (-0.0000, 0.0000, -1.0000, 0.0000)
            (-0.0000, 1.0000,  0.0000, 0.0000)
            ( 1.0000, 0.0000, -0.0000, 0.0000)
            ( 1.9800, 1.2000, 27.6200, 1.0000)>
MESH
Pipes.009
<Matrix 4x4 (-0.0000, 0.0000, -1.0000, 0.0000)
            (-0.0000, 1.0000,  0.0000, 0.0000)
            ( 1.0000, 0.0000, -0.0000, 0.0000)
            ( 1.9800, 1.2000, 23.6200, 1.0000)>
MESH
Pipes.010
<Matrix 4x4 (-0.0000, 0.0000,  1.0000, 0.0000)
            ( 0.0000, 1.0000,  0.0000, 0.0000)
            (-1.0000, 0.0000, -0.0000, 0.0000)
            (-1.9800, 1.2000, 23.6200, 1.0000)>
MESH
Pipes.011
<Matrix 4x4 (-0.0000, 0.0000,  1.0000, 0.0000)
            ( 0.0000, 1.0000,  0.0000, 0.0000)
            (-1.0000, 0.0000, -0.0000, 0.0000)
            (-1.9800, 1.2000, 27.3000, 1.0000)>
MESH
FloorTile_Double_Hallway.015
<Matrix 4x4 (-0.0000, 0.0000,  2.0000, 0.0000)
            ( 0.0000, 2.0000,  0.0000, 0.0000)
            (-2.0000, 0.0000, -0.0000, 0.0000)
            (-4.0000, 1.2550, 23.3000, 1.0000)>
MESH
FloorTile_Double_Hallway.016
<Matrix 4x4 (-0.0000, 0.0000,  2.0000, 0.0000)
            ( 0.0000, 2.0000,  0.0000, 0.0000)
            (-2.0000, 0.0000, -0.0000, 0.0000)
            (-8.0000, 1.2550, 23.3000, 1.0000)>
MESH
FloorTile_Corner
<Matrix 4x4 ( -0.0000, 0.0000,  2.0000, 0.0000)
            (  0.0000, 2.0000,  0.0000, 0.0000)
            ( -2.0000, 0.0000, -0.0000, 0.0000)
            (-12.0000, 1.2600, 23.3000, 1.0000)>
MESH
FloorTile_Corner.001
<Matrix 4x4 (  2.0000, 0.0000,  0.0000, 0.0000)
            (  0.0000, 2.0000, -0.0000, 0.0000)
            (  0.0000, 0.0000,  2.0000, 0.0000)
            (-12.0000, 1.2600, 27.3000, 1.0000)>
MESH
Props_Shelf
<Matrix 4x4 ( 1.0000, 0.0000,  0.0000, 0.0000)
            ( 0.0000, 1.0000, -0.0000, 0.0000)
            ( 0.0000, 0.0000,  1.0000, 0.0000)
            (-9.0000, 1.3000, 22.0000, 1.0000)>
MESH
Wall_4.010
<Matrix 4x4 (-1.0000, 0.0000,  0.0000, 0.0000)
            ( 0.0000, 1.0000,  0.0000, 0.0000)
            (-0.0000, 0.0000, -1.0000, 0.0000)
            (-4.0450, 1.3000, 21.5200, 1.0000)>
MESH
Wall_4.011
<Matrix 4x4 (-1.0000, 0.0000,  0.0000, 0.0000)
            ( 0.0000, 1.0000,  0.0000, 0.0000)
            (-0.0000, 0.0000, -1.0000, 0.0000)
            (-8.0450, 1.3000, 21.5200, 1.0000)>
MESH
Wall_4.012
<Matrix 4x4 ( -1.0000, 0.0000,  0.0000, 0.0000)
            (  0.0000, 1.0000,  0.0000, 0.0000)
            ( -0.0000, 0.0000, -1.0000, 0.0000)
            (-12.0450, 1.3000, 21.5200, 1.0000)>
MESH
Wall_4.013
<Matrix 4x4 (  1.0000, 0.0000,  0.0000, 0.0000)
            (  0.0000, 1.0000, -0.0000, 0.0000)
            (  0.0000, 0.0000,  1.0000, 0.0000)
            (-12.0000, 1.3000, 29.0000, 1.0000)>
MESH
Wall_4.014
<Matrix 4x4 ( 1.0000, 0.0000,  0.0000, 0.0000)
            ( 0.0000, 1.0000, -0.0000, 0.0000)
            ( 0.0000, 0.0000,  1.0000, 0.0000)
            (-8.0000, 1.3000, 29.0000, 1.0000)>
MESH
Wall_4.015
<Matrix 4x4 ( 1.0000, 0.0000,  0.0000, 0.0000)
            ( 0.0000, 1.0000, -0.0000, 0.0000)
            ( 0.0000, 0.0000,  1.0000, 0.0000)
            (-4.0000, 1.3000, 29.0000, 1.0000)>
MESH
LongWindow_Wall_SideB.001
<Matrix 4x4 ( -0.0000, 0.0000,  1.6000, 0.0000)
            (  0.0000, 1.0000,  0.0000, 0.0000)
            ( -1.0000, 0.0000, -0.0000, 0.0000)
            (-14.0000, 1.3000, 25.3000, 1.0000)>
MESH
Column_3.008
<Matrix 4x4 (  1.0000, 0.0000,  0.0000, 0.0000)
            (  0.0000, 1.0000, -0.0000, 0.0000)
            (  0.0000, 0.0000,  1.0000, 0.0000)
            (-14.1300, 1.3000, 28.8000, 1.0000)>
MESH
Column_3.009
<Matrix 4x4 (  1.0000, 0.0000,  0.0000, 0.0000)
            (  0.0000, 1.0000, -0.0000, 0.0000)
            (  0.0000, 0.0000,  1.0000, 0.0000)
            (-14.1300, 1.3000, 21.8000, 1.0000)>
MESH
Props_Chest
<Matrix 4x4 (  1.0000, 0.0000,  0.0000, 0.0000)
            (  0.0000, 1.0000, -0.0000, 0.0000)
            (  0.0000, 0.0000,  1.0000, 0.0000)
            (-13.0000, 1.3000, 28.0000, 1.0000)>
MESH
Props_Chest.001
<Matrix 4x4 (  1.0000, 0.0000,  0.0000, 0.0000)
            (  0.0000, 1.0000, -0.0000, 0.0000)
            (  0.0000, 0.0000,  1.0000, 0.0000)
            (-11.0000, 1.3000, 28.0000, 1.0000)>
MESH
Props_Chest.002
<Matrix 4x4 ( 1.0000, 0.0000,  0.0000, 0.0000)
            ( 0.0000, 1.0000, -0.0000, 0.0000)
            ( 0.0000, 0.0000,  1.0000, 0.0000)
            (-9.0000, 1.3000, 28.0000, 1.0000)>
MESH
Props_Chest.003
<Matrix 4x4 ( 1.0000, 0.0000,  0.0000, 0.0000)
            ( 0.0000, 1.0000, -0.0000, 0.0000)
            ( 0.0000, 0.0000,  1.0000, 0.0000)
            (-7.0000, 1.3000, 28.0000, 1.0000)>
MESH
Props_Shelf.001
<Matrix 4x4 (  1.0000, 0.0000,  0.0000, 0.0000)
            (  0.0000, 1.0000, -0.0000, 0.0000)
            (  0.0000, 0.0000,  1.0000, 0.0000)
            (-12.0000, 1.3000, 22.0000, 1.0000)>
MESH
Props_ContainerFull
<Matrix 4x4 ( -0.0000, 0.0000, -1.0000, 0.0000)
            ( -0.0000, 1.0000,  0.0000, 0.0000)
            (  1.0000, 0.0000, -0.0000, 0.0000)
            (-13.0000, 1.3000, 26.0000, 1.0000)>
MESH
Props_ContainerFull.001
<Matrix 4x4 ( -0.0000, 0.0000, -1.0000, 0.0000)
            ( -0.0000, 1.0000,  0.0000, 0.0000)
            (  1.0000, 0.0000, -0.0000, 0.0000)
            (-13.0000, 1.3000, 24.0000, 1.0000)>
MESH
Props_ComputerSmall
<Matrix 4x4 (-0.0244, 0.0000, -0.9997, 0.0000)
            (-0.0000, 1.0000,  0.0000, 0.0000)
            ( 0.9997, 0.0000, -0.0244, 0.0000)
            (-2.5000, 1.3000, 25.0000, 1.0000)>
LIGHT
Light.002
<Matrix 4x4 (-0.0934, -0.2626,  0.9604, 0.0000)
            (-0.9284,  0.3715,  0.0113, 0.0000)
            (-0.3597, -0.8905, -0.2785, 0.0000)
            ( 6.7830, 18.0000, 20.3000, 1.0000)>
