# Game Level Exporter v1.1
LIGHT
Light
<Matrix 4x4 ( 0.0000,  5.0000,  0.0000, 1.0000)
            (-1.0000, -1.0000, -1.0000, 0.0000)
            ( 0.0000,  0.0000,  7.0000, 5.0000)
            ( 1.0000,  0.9001,  0.5753, 1.0000)>
CAMERA
Camera
<Matrix 4x4 ( 0.6859,  0.0000,  0.7277, 0.0000)
            (-0.3240,  0.8954,  0.3054, 0.0000)
            (-0.6516, -0.4453,  0.6142, 0.0000)
            ( 7.3589,  4.9583, -6.9258, 1.0000)>
MESH
Leela
<Matrix 4x4 ( 1.0000, 0.0000,  0.0000, 0.0000)
            ( 0.0000, 1.0000, -0.0000, 0.0000)
            ( 0.0000, 0.0000,  1.0000, 0.0000)
            (-3.0000, 0.0000,  0.0000, 1.0000)>
MESH
George
<Matrix 4x4 ( 1.0000, 0.0000,  0.0000, 0.0000)
            ( 0.0000, 1.0000, -0.0000, 0.0000)
            ( 0.0000, 0.0000,  1.0000, 0.0000)
            (-7.0000, 0.0000,  0.0000, 1.0000)>
MESH
Mike
<Matrix 4x4 (1.0000, 0.0000,  0.0000, 0.0000)
            (0.0000, 1.0000, -0.0000, 0.0000)
            (0.0000, 0.0000,  1.0000, 0.0000)
            (3.0000, 0.0000,  0.0000, 1.0000)>
